203 
661 
332 
325 
338 
347 
319 
326 
341 
329 
331 
341 
331 
329 
338 
338 
335 
330 
331 
334 
299 
384 
318 
339 
332 
333 
339 
331 
329 
344 
324 
354 
313 
334 
329 
348 
326 
332 
333 
309 
357 
337 
335 
332 
332 
341 
330 
332 
334 
334 
334 
304 
363 
337 
332 
330 
345 
330 
335 
333 
337 
326 
335 
393 
264 
343 
334 
358 
308 
335 
335 
335 
348 
286 
278 
406 
336 
332 
331 
340 
336 
344 
311 
424 
282 
286 
340 
328 
328 
339 
294 
331 
376 
298 
367 
330 
337 
305 
786 
317 
330 
333 
334 
329 
343 
321 
341 
332 
341 
317 
312 
328 
370 
347 
302 
424 
311 
404 
309 
299 
344 
350 
338 
345 
341 
334 
310 
345 
328 
327 
335 
346 
297 
327 
374 
332 
324 
309 
334 
357 
335 
314 
323 
386 
312 
337 
319 
348 
335 
331 
336 
336 
331 
333 
338 
330 
331 
339 
335 
330 
342 
330 
343 
323 
338 
326 
336 
335 
352 
344 
287 
694 
311 
353 
335 
334 
335 
332 
335 
331 
339 
335 
339 
349 
334 
335 